V 54
K 1
D 0 -508000 3302000 0
Y 1
U 2921000 762000 254000 0 2 3 REFDES=IC?
U 2921000 508000 254000 0 2 3 DEVICE=XC9236A33DMR-G
U 2921000 254000 254000 0 2 0 PKG_TYPE=SOT95P280X130-5N
U 2921000 0 254000 0 2 0 Description=Switching Voltage Regulators 600mA PFM/PWM DCDC Converter
U 2921000 -254000 254000 0 2 0 Datasheet Link=https://componentsearchengine.com/Datasheets/2/XC9236A33DMR-G.pdf
U 2921000 -508000 254000 0 2 0 Height=1.3
U 2921000 -762000 254000 0 2 0 Mouser Part Number=865-XC9236A33DMR-G
U 2921000 -1016000 254000 0 2 0 Mouser Price/Stock=https://www.mouser.co.uk/ProductDetail/Torex-Semiconductor/XC9236A33DMR-G?qs=AsjdqWjXhJ%2FLrLAbQ2bz5Q%3D%3D
U 2921000 -1270000 254000 0 2 0 Manufacturer_Name=Torex
U 2921000 -1524000 254000 0 2 0 Manufacturer_Part_Number=XC9236A33DMR-G
U 0 0 254000 0 1 0 FORWARD_PCB=1
l 5 508000 254000 2794000 254000 2794000 -762000 508000 -762000 508000 254000
|GRPHSTL -1 -1 -1 1
P 1 0 0 508000 0 0 2 0
L 584200 0 228600 0 2 0 1 0 VIN
A 355600 50800 203200 0 9 3 #=1
A 0 0 9 0 3 0 PINTYPE=BI
P 2 0 -254000 508000 -254000 0 2 0
L 584200 -254000 228600 0 2 0 1 0 VSS
A 355600 -203200 203200 0 9 3 #=2
A 0 0 9 0 3 0 PINTYPE=BI
P 3 0 -508000 508000 -508000 0 2 0
L 584200 -508000 228600 0 2 0 1 0 CE/MODE
A 355600 -457200 203200 0 9 3 #=3
A 0 0 9 0 3 0 PINTYPE=BI
P 4 3302000 0 2794000 0 0 3 0
L 2717800 0 228600 0 8 0 1 0 VOUT
A 2946400 50800 203200 0 3 3 #=4
A 0 0 9 0 3 0 PINTYPE=BI
P 5 3302000 -254000 2794000 -254000 0 3 0
L 2717800 -254000 228600 0 8 0 1 0 LX
A 2946400 -203200 203200 0 3 3 #=5
A 0 0 9 0 3 0 PINTYPE=BI
E
